# oST version 5.0 parameters


[image]

width
640

height
480

[narrow_stereo/left]

camera matrix
816.065478 0.000000 328.514847
0.000000 816.763487 257.220546
0.000000 0.000000 1.000000

distortion
0.025130 -0.124033 0.001225 -0.002181 0.000000

rectification
1.000000 0.000000 0.000000
0.000000 1.000000 0.000000
0.000000 0.000000 1.000000

projection
815.732056 0.000000 327.207007 0.000000
0.000000 816.665100 257.022743 0.000000
0.000000 0.000000 1.000000 0.000000
