image_width: 640
image_height: 480
camera_name: narrow_stereo/left
camera_matrix:
  rows: 3
  cols: 3
  data: [819.471476, 0, 300.398671, 0, 819.596731, 242.81928, 0, 0, 1]
distortion_model: plumb_bob
distortion_coefficients:
  rows: 1
  cols: 5
  data: [0.035215, -0.071204, 0.003659, -0.011677, 0]
rectification_matrix:
  rows: 3
  cols: 3
  data: [1, 0, 0, 0, 1, 0, 0, 0, 1]
projection_matrix:
  rows: 3
  cols: 4
  data: [821.90863, 0, 294.939611, 0, 0, 828.158508, 243.44311, 0, 0, 0, 1, 0]