# oST version 5.0 parameters


[image]

width
640

height
480

[narrow_stereo/left]

camera matrix
819.471476 0.000000 300.398671
0.000000 819.596731 242.819280
0.000000 0.000000 1.000000

distortion
0.035215 -0.071204 0.003659 -0.011677 0.000000

rectification
1.000000 0.000000 0.000000
0.000000 1.000000 0.000000
0.000000 0.000000 1.000000

projection
821.908630 0.000000 294.939611 0.000000
0.000000 828.158508 243.443110 0.000000
0.000000 0.000000 1.000000 0.000000
