image_width: 640
image_height: 480
camera_name: narrow_stereo/left
camera_matrix:
  rows: 3
  cols: 3
  data: [816.065478, 0, 328.514847, 0, 816.763487, 257.220546, 0, 0, 1]
distortion_model: plumb_bob
distortion_coefficients:
  rows: 1
  cols: 5
  data: [0.02513, -0.124033, 0.001225, -0.002181, 0]
rectification_matrix:
  rows: 3
  cols: 3
  data: [1, 0, 0, 0, 1, 0, 0, 0, 1]
projection_matrix:
  rows: 3
  cols: 4
  data: [815.732056, 0, 327.207007, 0, 0, 816.6651, 257.022743, 0, 0, 0, 1, 0]